N:  10
Traceback (most recent call last):
  File "/home/skb190000/scratch/scripts/hpc/hw2/quantum-eigen/src/eigen.py", line 122, in <module>
    checkArgs(args)
    ~~~~~~~~~^^^^^^
  File "/home/skb190000/scratch/scripts/hpc/hw2/quantum-eigen/src/eigen.py", line 104, in checkArgs
    raise argparse.ArgumentTypeError("The value for n_eigs must be less than or equal to N squared.")
argparse.ArgumentTypeError: The value for n_eigs must be less than or equal to N squared.

real	0m3.363s
user	0m3.275s
sys	0m0.061s
====================================
N:  20
Lowest 5 eigenvalues: [-3181.83707595 -3155.06303913 -3155.06303913 -3128.28900231
 -3111.34845198 -3111.34845198 -3084.57441516 -3084.57441516
 -3051.55355175 -3051.55355175 -3040.859828   -3024.77951493
 -3024.77951493 -2981.06492777 -2981.06492777 -2976.99910174
 -2976.99910174 -2950.22506492 -2950.22506492 -2921.27002755
 -2906.51047777 -2906.51047777 -2889.34683871 -2889.34683871
 -2862.57280188 -2862.57280188 -2846.71557754 -2846.71557754
 -2818.85821473 -2818.85821473 -2790.55350051 -2790.55350051
 -2772.16112753 -2763.77946369 -2763.77946369 -2759.0633145
 -2759.0633145  -2720.06487653 -2720.06487653 -2684.50886449
 -2684.50886449 -2682.82543643 -2682.82543643 -2660.26997631
 -2660.26997631 -2656.05139961 -2656.05139961 -2612.33681246
 -2612.33681246 -2596.85660146 -2585.7155263  -2585.7155263
 -2568.56886506 -2568.56886506 -2552.54191223 -2552.54191223
 -2541.79482824 -2541.79482824 -2498.08024108 -2498.08024108
 -2498.06326326 -2498.06326326 -2477.98746222 -2477.98746222
 -2450.33596976 -2450.33596976 -2438.28534085 -2438.28534085
 -2423.56193294 -2423.56193294 -2399.26992507 -2390.33519918
 -2390.33519918 -2379.84734578 -2379.84734578 -2363.73089085
 -2363.73089085 -2330.76782902 -2330.76782902 -2320.05244556
 -2320.05244556 -2303.9937922  -2303.9937922  -2291.54186099
 -2291.54186099 -2276.07862781 -2276.07862781 -2260.27920504
 -2260.27920504 -2245.49799555 -2245.49799555 -2212.53539851
 -2212.53539851 -2200.48430481 -2200.48430481 -2185.76136169
 -2185.76136169 -2183.81379691 -2177.28528961 -2177.28528961
 -2157.84573251 -2157.84573251 -2142.04677453 -2142.04677453
 -2125.92985481 -2125.92985481 -2098.27984652 -2098.27984652
 -2082.25187431 -2082.25187431 -2071.5058097  -2071.5058097
 -2069.55722554 -2069.55722554 -2059.05239432 -2059.05239432
 -2038.27759177 -2038.27759177 -2027.79122254 -2027.79122254
 -2007.6974243  -2007.6974243  -1990.55357545 -1990.55357545
 -1967.99632232 -1967.99632232 -1963.77953863 -1963.77953863
 -1955.30065416 -1951.32433024 -1951.32433024 -1939.48425357
 -1939.48425357 -1920.06495147 -1920.06495147 -1920.04516126
 -1920.04516126 -1893.44187231 -1893.44187231 -1891.76326359
 -1891.76326359 -1864.98922677 -1864.98922677 -1860.27005125
 -1860.27005125 -1837.06775886 -1837.06775886 -1831.7561895
 -1831.7561895  -1821.27463961 -1821.27463961 -1821.25182307
 -1821.25182307 -1805.78960927 -1805.78960927 -1804.11625633
 -1804.11625633 -1785.71560124 -1785.71560124 -1777.3422195
 -1777.3422195  -1761.47973938 -1761.47973938 -1733.62763235
 -1733.62763235 -1729.57170441 -1729.57170441 -1718.83486356
 -1717.49961812 -1717.49961812 -1713.52375899 -1713.52375899
 -1706.99627108 -1706.99627108 -1702.79766759 -1702.79766759
 -1698.0633382  -1698.0633382  -1686.92528938 -1686.92528938
 -1673.83273212 -1673.83273212 -1669.79841256 -1669.79841256
 -1659.08308043 -1659.08308043 -1643.02437574 -1643.02437574
 -1626.1458046  -1626.1458046  -1599.70683753 -1599.70683753
 -1599.37176778 -1599.37176778 -1599.30978859 -1599.30978859
 -1599.2881802  -1599.2881802  -1599.27828211 -1599.27828211]

real	0m1.969s
user	0m5.363s
sys	0m0.087s
====================================
N:  40
Lowest 5 eigenvalues: [-12780.94597649 -12752.6730613  -12752.6730613  -12724.40014611
 -12705.97110489 -12705.97110489 -12677.6981897  -12677.6981897
 -12641.0038357  -12641.0038357  -12630.99623329 -12612.73092052
 -12612.73092052 -12566.02896411 -12566.02896411 -12558.13845524
 -12558.13845524 -12529.86554006 -12529.86554006 -12501.06169492
 -12483.16358365 -12483.16358365 -12457.857814   -12457.857814
 -12429.58489881 -12429.58489881 -12418.19631446 -12418.19631446
 -12382.8829424  -12382.8829424  -12340.74922459 -12340.74922459
 -12335.330934   -12317.91567321 -12317.91567321 -12312.4763094
 -12312.4763094  -12265.77435299 -12265.77435299 -12235.05029275
 -12235.05029275 -12207.49943583 -12207.49943583 -12200.8070838
 -12200.8070838  -12179.22652064 -12179.22652064 -12134.76965151
 -12132.52456423 -12132.52456423 -12117.94170334 -12117.94170334
 -12067.55729505 -12067.55729505 -12058.89017512 -12058.89017512
 -12030.61725994 -12030.61725994 -12017.6610621  -12017.6610621
 -11984.69191459 -11984.69191459 -11983.91530353 -11983.91530353
 -11918.94803434 -11918.94803434 -11900.55247268 -11895.79341614
 -11895.79341614 -11884.41127334 -11884.41127334 -11867.52050095
 -11867.52050095 -11836.08265388 -11836.08265388 -11820.81854454
 -11820.81854454 -11767.30268393 -11767.30268393 -11755.85127536
 -11755.85127536 -11735.80201264 -11735.80201264 -11719.16620445
 -11719.16620445 -11690.89328926 -11690.89328926 -11672.9858949
 -11672.9858949  -11644.19133285 -11644.19133285 -11634.05289517
 -11618.69342322 -11618.69342322 -11579.22406366 -11579.22406366
 -11572.70525365 -11572.70525365 -11530.04501577 -11530.04501577
 -11501.77210058 -11501.77210058 -11496.3586832  -11496.3586832
 -11485.44363447 -11485.44363447 -11455.59666424 -11455.59666424
 -11455.07014417 -11455.07014417 -11396.07804196 -11396.07804196
 -11390.10287499 -11390.10287499 -11336.83437376 -11329.53966121
 -11329.53966121 -11322.34687548 -11322.34687548 -11307.23749453
 -11307.23749453 -11301.26674602 -11301.26674602 -11278.96945254
 -11278.96945254 -11254.56478961 -11254.56478961 -11206.95685328
 -11206.95685328 -11189.59752043 -11189.59752043 -11173.73761478
 -11173.73761478 -11145.71966379 -11145.71966379 -11118.82676802
 -11118.82676802 -11106.73213997 -11106.73213997 -11090.55385284
 -11090.55385284 -11089.84826387 -11089.84826387 -11043.85189643
 -11043.85189643 -11010.64085579 -11006.45149872 -11006.45149872
 -10997.11040308 -10997.11040308 -10978.88462724 -10978.88462724
 -10956.59847511 -10956.59847511 -10899.14287116 -10899.14287116
 -10896.01924678 -10896.01924678 -10889.34290931 -10889.34290931
 -10870.86995597 -10870.86995597 -10834.0136441  -10834.0136441
 -10824.16799956 -10824.16799956 -10807.98921441 -10807.98921441
 -10795.73860553 -10795.73860553 -10759.20073037 -10759.20073037
 -10756.09312055 -10756.09312055 -10678.63001612 -10678.63001612
 -10676.33534991 -10676.33534991 -10671.77715475 -10671.77715475
 -10657.38643241 -10644.89245542 -10644.89245542 -10643.50423956
 -10643.50423956 -10607.48385985 -10607.48385985 -10596.80228315
 -10596.80228315 -10576.05470867 -10576.05470867 -10545.38022737
 -10545.38022737 -10531.83501397 -10531.83501397 -10468.26524373
 -10468.26524373 -10458.94611926 -10458.94611926 -10448.96963351]

real	0m2.984s
user	0m8.680s
sys	0m0.092s
====================================
N:  80
Lowest 5 eigenvalues: [-51180.47995724 -51151.45998599 -51151.45998599 -51122.44001475
 -51103.37210277 -51103.37210277 -51074.35213152 -51074.35213152
 -51036.18107828 -51036.18107828 -51026.26424829 -51007.16110703
 -51007.16110703 -50959.07322381 -50959.07322381 -50949.97432199
 -50949.97432199 -50920.95435074 -50920.95435074 -50891.88219932
 -50872.86646751 -50872.86646751 -50844.87816575 -50844.87816575
 -50815.8581945  -50815.8581945  -50805.67544303 -50805.67544303
 -50767.77031128 -50767.77031128 -50721.04954962 -50721.04954962
 -50719.46868673 -50700.57928679 -50700.57928679 -50692.02957838
 -50692.02957838 -50643.94169515 -50643.94169515 -50614.3725305
 -50614.3725305  -50578.67425102 -50578.67425102 -50576.75067066
 -50576.75067066 -50549.65427978 -50549.65427978 -50509.27637426
 -50501.56639655 -50501.56639655 -50490.54391437 -50490.54391437
 -50434.37537206 -50434.37537206 -50417.96619037 -50417.96619037
 -50388.94621912 -50388.94621912 -50385.44775813 -50385.44775813
 -50348.16861577 -50348.16861577 -50340.8583359  -50340.8583359
 -50273.66731141 -50273.66731141 -50261.61914201 -50243.07245953
 -50243.07245953 -50239.16696904 -50239.16696904 -50210.14699779
 -50210.14699779 -50187.46055512 -50187.46055512 -50162.05911456
 -50162.05911456 -50119.24384341 -50119.24384341 -50094.86809008
 -50094.86809008 -50082.36439888 -50082.36439888 -50042.54545056
 -50042.54545056 -50013.52547932 -50013.52547932 -50008.66133378
 -50008.66133378 -49976.86854481 -49965.43759609 -49965.43759609
 -49958.53578275 -49958.53578275 -49903.56517755 -49903.56517755
 -49898.2465716  -49898.2465716  -49828.39733173 -49828.39733173
 -49816.16048415 -49816.16048415 -49812.03981531 -49812.03981531
 -49799.37736049 -49799.37736049 -49779.73656142 -49779.73656142
 -49751.28947726 -49751.28947726 -49706.94365907 -49706.94365907
 -49684.09845277 -49684.09845277 -49655.4524235  -49637.36126282
 -49637.36126282 -49597.89169648 -49597.89169648 -49597.04468596
 -49597.04468596 -49583.11504295 -49583.11504295 -49568.02471472
 -49568.02471472 -49519.93683149 -49519.93683149 -49492.79554024
 -49492.79554024 -49476.65320217 -49476.65320217 -49452.745807
 -49452.745807   -49440.73974435 -49440.73974435 -49368.96692412
 -49368.96692412 -49366.53905071 -49366.53905071 -49348.8354727
 -49348.8354727  -49319.81550145 -49319.81550145 -49297.85398084
 -49280.03168369 -49280.03168369 -49271.72761823 -49271.72761823
 -49261.44289447 -49261.44289447 -49226.59162552 -49226.59162552
 -49204.53659374 -49204.53659374 -49137.61427835 -49137.61427835
 -49118.32983745 -49118.32983745 -49101.23246236 -49101.23246236
 -49084.14301069 -49084.14301069 -49065.88356486 -49065.88356486
 -49055.12303944 -49055.12303944 -49013.23368121 -49013.23368121
 -49007.03515622 -49007.03515622 -48995.23897974 -48995.23897974
 -48939.84413173 -48939.84413173 -48904.61094389 -48889.40506508
 -48889.40506508 -48887.08434353 -48887.08434353 -48853.63737544
 -48853.63737544 -48834.53091909 -48834.53091909 -48803.36541449
 -48803.36541449 -48774.34544325 -48774.34544325 -48748.5412192
 -48748.5412192  -48747.02976648 -48747.02976648 -48726.25756002
 -48726.25756002 -48690.46282506 -48690.46282506 -48659.06653553
 -48659.06653553 -48655.73169776 -48655.73169776 -48624.71260307]

real	0m42.959s
user	2m57.508s
sys	0m0.389s
====================================
N:  160
slurmstepd-c-10-05: error: *** JOB 2980315 ON c-10-05 CANCELLED AT 2026-02-21T19:07:23 DUE TO TIME LIMIT ***
