-5.118047995723751956e+04
-5.115145998599294398e+04
-5.115145998599294398e+04
-5.112244001474833931e+04
-5.110337210276569385e+04
-5.110337210276569385e+04
-5.107435213152109645e+04
-5.107435213152109645e+04
-5.103618107827919448e+04
-5.103618107827919448e+04
-5.102626424829385360e+04
-5.100716110703460436e+04
-5.100716110703460436e+04
-5.095907322380736878e+04
-5.095907322380736878e+04
-5.094997432198525348e+04
-5.094997432198525348e+04
-5.092095435074065608e+04
-5.092095435074065608e+04
-5.089188219932087668e+04
-5.087286646751342778e+04
-5.087286646751341323e+04
-5.084487816574815952e+04
-5.084487816574815952e+04
-5.081585819450356939e+04
-5.081585819450355484e+04
-5.080567544302693568e+04
-5.080567544302693568e+04
-5.076777031127632654e+04
-5.076777031127632654e+04
-5.072104954962232296e+04
-5.072104954962232296e+04
-5.071946868673298013e+04
-5.070057928678983444e+04
-5.070057928678983444e+04
-5.069202957837774011e+04
-5.069202957837771828e+04
-5.064394169515048998e+04
-5.064394169515048998e+04
-5.061437253049588617e+04
-5.061437253049588617e+04
-5.057867425102190464e+04
-5.057867425102190464e+04
-5.057675067066399060e+04
-5.057675067066399060e+04
-5.054965427977731451e+04
-5.054965427977731451e+04
-5.050927637425877765e+04
-5.050156639655008621e+04
-5.050156639655007166e+04
-5.049054391437004233e+04
-5.049054391437004233e+04
-5.043437537206358684e+04
-5.043437537206358684e+04
-5.041796619036913035e+04
-5.041796619036913035e+04
-5.038894621912454750e+04
-5.038894621912452567e+04
-5.038544775813294109e+04
-5.038544775813294109e+04
-5.034816861576962401e+04
-5.034816861576962401e+04
-5.034085833589729009e+04
-5.034085833589729009e+04
-5.027366731141079799e+04
-5.027366731141079799e+04
-5.026161914200711908e+04
-5.024307245953253005e+04
-5.024307245953253005e+04
-5.023916696903626871e+04
-5.023916696903626871e+04
-5.021014699779167131e+04
-5.021014699779167131e+04
-5.018746055511685699e+04
-5.018746055511685699e+04
-5.016205911456445756e+04
-5.016205911456443573e+04
-5.011924384340670804e+04
-5.011924384340669349e+04
-5.009486809007795819e+04
-5.009486809007795819e+04
-5.008236439887977031e+04
-5.008236439887977031e+04
-5.004254545056223287e+04
-5.004254545056223287e+04
-5.001352547931764275e+04
-5.001352547931764275e+04
-5.000866133378399536e+04
-5.000866133378399536e+04
-4.997686854480629700e+04
-4.996543759609041444e+04
-4.996543759609039989e+04
-4.995853578275394102e+04
-4.995853578275391919e+04
-4.990356517754690140e+04
-4.990356517754690140e+04
-4.989824657160390780e+04
-4.989824657160390780e+04
-4.982839733173252171e+04
-4.982839733173252171e+04
-4.981616048415350087e+04
-4.981616048415350087e+04
-4.981203981530996680e+04
-4.981203981530996680e+04
-4.979937736048793158e+04
-4.979937736048793158e+04
-4.977973656142105756e+04
-4.977973656142105756e+04
-4.975128947726069600e+04
-4.975128947726069600e+04
-4.970694365907287283e+04
-4.970694365907287283e+04
-4.968409845277420391e+04
-4.968409845277420391e+04
-4.965545242350073386e+04
-4.963736126282064652e+04
-4.963736126282064652e+04
-4.959789169648025563e+04
-4.959789169648023380e+04
-4.959704468596036895e+04
-4.959704468596036895e+04
-4.958311504294704355e+04
-4.958311504294702172e+04
-4.956802471471577883e+04
-4.956802471471577883e+04
-4.951993683148853597e+04
-4.951993683148853597e+04
-4.949279554024316894e+04
-4.949279554024316894e+04
-4.947665320216788677e+04
-4.947665320216788677e+04
-4.945274580700205115e+04
-4.945274580700205115e+04
-4.944073974434661795e+04
-4.944073974434661795e+04
-4.936896692411731783e+04
-4.936896692411731783e+04
-4.936653905070810288e+04
-4.936653905070810288e+04
-4.934883547269874543e+04
-4.934883547269874543e+04
-4.931981550145415531e+04
-4.931981550145415531e+04
-4.929785398083503242e+04
-4.928003168369385821e+04
-4.928003168369383638e+04
-4.927172761822691973e+04
-4.927172761822690518e+04
-4.926144289447100891e+04
-4.926144289447099436e+04
-4.922659162551690679e+04
-4.922659162551690679e+04
-4.920453659374044219e+04
-4.920453659374042036e+04
-4.913761427834516508e+04
-4.913761427834516508e+04
-4.911832983744647208e+04
-4.911832983744647208e+04
-4.910123246236099658e+04
-4.910123246236099658e+04
-4.908414301068806526e+04
-4.908414301068806526e+04
-4.906588356486413250e+04
-4.906588356486413250e+04
-4.905512303944347514e+04
-4.905512303944347514e+04
-4.901323368120939267e+04
-4.901323368120937812e+04
-4.900703515621623228e+04
-4.900703515621623228e+04
-4.899523897974475403e+04
-4.899523897974474676e+04
-4.893984413172974746e+04
-4.893984413172974746e+04
-4.890461094388695346e+04
-4.888940506508354883e+04
-4.888940506508354883e+04
-4.888708434353127814e+04
-4.888708434353127814e+04
-4.885363737543579919e+04
-4.885363737543578463e+04
-4.883453091909197974e+04
-4.883453091909197246e+04
-4.880336541449299693e+04
-4.880336541449298966e+04
-4.877434544324840681e+04
-4.877434544324840681e+04
-4.874854121919870522e+04
-4.874854121919870522e+04
-4.874702976648313779e+04
-4.874702976648313779e+04
-4.872625756002115668e+04
-4.872625756002115668e+04
-4.869046282505724230e+04
-4.869046282505723502e+04
-4.865906653553466458e+04
-4.865906653553466458e+04
-4.865573169775912538e+04
-4.865573169775911811e+04
-4.862471260307287594e+04
