-3.181837075954526881e+03
-3.155063039133675829e+03
-3.155063039133674465e+03
-3.128289002312826142e+03
-3.111348451977346485e+03
-3.111348451977345121e+03
-3.084574415156495888e+03
-3.084574415156494979e+03
-3.051553551750958832e+03
-3.051553551750957013e+03
-3.040859828000164271e+03
-3.024779514930107325e+03
-3.024779514930106870e+03
-2.981064927773779345e+03
-2.981064927773777526e+03
-2.976999101743862866e+03
-2.976999101743861047e+03
-2.950225064923013178e+03
-2.950225064923011359e+03
-2.921270027547389418e+03
-2.906510477766681561e+03
-2.906510477766681106e+03
-2.889346838705007940e+03
-2.889346838705007485e+03
-2.862572801884157798e+03
-2.862572801884156888e+03
-2.846715577540293452e+03
-2.846715577540293452e+03
-2.818858214727827999e+03
-2.818858214727826180e+03
-2.790553500511657603e+03
-2.790553500511656239e+03
-2.772161127533197941e+03
-2.763779463690807916e+03
-2.763779463690805187e+03
-2.759063314501439891e+03
-2.759063314501438981e+03
-2.720064876534476753e+03
-2.720064876534475843e+03
-2.684508864494344380e+03
-2.684508864494343015e+03
-2.682825436434095536e+03
-2.682825436434092808e+03
-2.660269976308089554e+03
-2.660269976308088644e+03
-2.656051399613244030e+03
-2.656051399613244030e+03
-2.612336812456913322e+03
-2.612336812456912867e+03
-2.596856601455488089e+03
-2.585715526300994952e+03
-2.585715526300993133e+03
-2.568568865057761286e+03
-2.568568865057757193e+03
-2.552541912230526577e+03
-2.552541912230524758e+03
-2.541794828236912053e+03
-2.541794828236909780e+03
-2.498080241080581800e+03
-2.498080241080578162e+03
-2.498063263262140026e+03
-2.498063263262139571e+03
-2.477987462223429702e+03
-2.477987462223429702e+03
-2.450335969758972624e+03
-2.450335969758971714e+03
-2.438285340854192327e+03
-2.438285340854191872e+03
-2.423561932938123391e+03
-2.423561932938121117e+03
-2.399269925068787870e+03
-2.390335199184575686e+03
-2.390335199184575231e+03
-2.379847345781792683e+03
-2.379847345781791319e+03
-2.363730890847097271e+03
-2.363730890847095907e+03
-2.330767829017190252e+03
-2.330767829017189342e+03
-2.320052445555404574e+03
-2.320052445555403665e+03
-2.303993792196343293e+03
-2.303993792196339655e+03
-2.291541860991224894e+03
-2.291541860991224439e+03
-2.276078627808242345e+03
-2.276078627808240981e+03
-2.260279205040010766e+03
-2.260279205040008947e+03
-2.245497995548308609e+03
-2.245497995548307699e+03
-2.212535398510344294e+03
-2.212535398510342020e+03
-2.200484304813622657e+03
-2.200484304813621293e+03
-2.185761361689495516e+03
-2.185761361689491423e+03
-2.183813796913661008e+03
-2.177285289614892918e+03
-2.177285289614891099e+03
-2.157845732509455047e+03
-2.157845732509453228e+03
-2.142046774533164353e+03
-2.142046774533162079e+03
-2.125929854806525782e+03
-2.125929854806525327e+03
-2.098279846520950741e+03
-2.098279846520948922e+03
-2.082251874306774425e+03
-2.082251874306774425e+03
-2.071505809700099690e+03
-2.071505809700098325e+03
-2.069557225537327668e+03
-2.069557225537327213e+03
-2.059052394316104710e+03
-2.059052394316103346e+03
-2.038277591767671765e+03
-2.038277591767670401e+03
-2.027791222543770573e+03
-2.027791222543768527e+03
-2.007697424299680051e+03
-2.007697424299678460e+03
-1.990553575449126583e+03
-1.990553575449126356e+03
-1.967996322317381100e+03
-1.967996322317380873e+03
-1.963779538628276441e+03
-1.963779538628276214e+03
-1.955300654160993417e+03
-1.951324330238540597e+03
-1.951324330238539460e+03
-1.939484253574320746e+03
-1.939484253574320519e+03
-1.920064951471947325e+03
-1.920064951471944369e+03
-1.920045161260824443e+03
-1.920045161260824216e+03
-1.893441872310285589e+03
-1.893441872310284452e+03
-1.891763263587627989e+03
-1.891763263587626398e+03
-1.864989226766776937e+03
-1.864989226766776028e+03
-1.860270051245558079e+03
-1.860270051245557624e+03
-1.837067758862206574e+03
-1.837067758862205437e+03
-1.831756189496758452e+03
-1.831756189496756861e+03
-1.821274639610446002e+03
-1.821274639610444865e+03
-1.821251823067473651e+03
-1.821251823067472515e+03
-1.805789609271430436e+03
-1.805789609271429754e+03
-1.804116256325127097e+03
-1.804116256325125732e+03
-1.785715601238462796e+03
-1.785715601238461659e+03
-1.777342219504276045e+03
-1.777342219504275590e+03
-1.761479739384057893e+03
-1.761479739384057666e+03
-1.733627632347946701e+03
-1.733627632347945337e+03
-1.729571704407673906e+03
-1.729571704407673451e+03
-1.718834863563417912e+03
-1.717499618120423747e+03
-1.717499618120421928e+03
-1.713523758989912267e+03
-1.713523758989910903e+03
-1.706996271078080099e+03
-1.706996271078079189e+03
-1.702797667586823763e+03
-1.702797667586822172e+03
-1.698063338199608324e+03
-1.698063338199607642e+03
-1.686925289376962155e+03
-1.686925289376961928e+03
-1.673832732121557910e+03
-1.673832732121557456e+03
-1.669798412564549835e+03
-1.669798412564548471e+03
-1.659083080430493055e+03
-1.659083080430492373e+03
-1.643024375743697874e+03
-1.643024375743697192e+03
-1.626145804600143492e+03
-1.626145804600142810e+03
-1.599706837534679607e+03
-1.599706837534677106e+03
-1.599371767779294032e+03
-1.599371767779292895e+03
-1.599309788587368530e+03
-1.599309788587366938e+03
-1.599288180204104947e+03
-1.599288180204104265e+03
-1.599278282114462172e+03
-1.599278282114460126e+03
