-1.278094597648740819e+04
-1.275267306130045290e+04
-1.275267306130044744e+04
-1.272440014611349397e+04
-1.270597110488928229e+04
-1.270597110488928047e+04
-1.267769818970232700e+04
-1.267769818970232336e+04
-1.264100383570345912e+04
-1.264100383570345730e+04
-1.263099623329115639e+04
-1.261273092051649837e+04
-1.261273092051649837e+04
-1.256602896410533322e+04
-1.256602896410532412e+04
-1.255813845524348835e+04
-1.255813845524348835e+04
-1.252986554005653306e+04
-1.252986554005652943e+04
-1.250106169491950823e+04
-1.248316358364536427e+04
-1.248316358364536245e+04
-1.245785781399793814e+04
-1.245785781399793632e+04
-1.242958489881098103e+04
-1.242958489881097921e+04
-1.241819631445953928e+04
-1.241819631445953746e+04
-1.238288294239980860e+04
-1.238288294239980496e+04
-1.234074922458583751e+04
-1.234074922458583569e+04
-1.233533093399956851e+04
-1.231791567321398725e+04
-1.231791567321398543e+04
-1.231247630939888222e+04
-1.231247630939888222e+04
-1.226577435298771525e+04
-1.226577435298770979e+04
-1.223505029275401648e+04
-1.223505029275401284e+04
-1.220749943583015556e+04
-1.220749943583015374e+04
-1.220080708380189390e+04
-1.220080708380189026e+04
-1.217922652064320027e+04
-1.217922652064319482e+04
-1.213476965150846445e+04
-1.213252456423202966e+04
-1.213252456423202602e+04
-1.211794170334192313e+04
-1.211794170334192131e+04
-1.206755729504620649e+04
-1.206755729504620285e+04
-1.205889017512467035e+04
-1.205889017512466853e+04
-1.203061725993770960e+04
-1.203061725993770779e+04
-1.201766106209636746e+04
-1.201766106209636564e+04
-1.198469191458623391e+04
-1.198469191458623209e+04
-1.198391530352654263e+04
-1.198391530352654081e+04
-1.191894803434071582e+04
-1.191894803434071218e+04
-1.190055247268427411e+04
-1.189579341613984434e+04
-1.189579341613984252e+04
-1.188441127334068005e+04
-1.188441127334067642e+04
-1.186752050095288723e+04
-1.186752050095288359e+04
-1.183608265388075597e+04
-1.183608265388074688e+04
-1.182081854454172390e+04
-1.182081854454171298e+04
-1.176730268392858852e+04
-1.176730268392858488e+04
-1.175585127535589163e+04
-1.175585127535588981e+04
-1.173580201263520030e+04
-1.173580201263519484e+04
-1.171916620444630644e+04
-1.171916620444630462e+04
-1.169089328925935115e+04
-1.169089328925934933e+04
-1.167298589489592996e+04
-1.167298589489592086e+04
-1.164419133284818054e+04
-1.164419133284817872e+04
-1.163405289517290112e+04
-1.161869342322310331e+04
-1.161869342322309967e+04
-1.157922406366236282e+04
-1.157922406366235555e+04
-1.157270525365037793e+04
-1.157270525365036701e+04
-1.153004501576945222e+04
-1.153004501576944858e+04
-1.150177210058249693e+04
-1.150177210058249329e+04
-1.149635868320238842e+04
-1.149635868320238660e+04
-1.148544363446741227e+04
-1.148544363446741045e+04
-1.145559666423827730e+04
-1.145559666423827184e+04
-1.145507014417132450e+04
-1.145507014417131904e+04
-1.139607804195683457e+04
-1.139607804195683275e+04
-1.139010287498549951e+04
-1.139010287498549769e+04
-1.133683437376192705e+04
-1.132953966121124722e+04
-1.132953966121124358e+04
-1.132234687548258989e+04
-1.132234687548258626e+04
-1.130723749452553238e+04
-1.130723749452552875e+04
-1.130126674602428830e+04
-1.130126674602428648e+04
-1.127896945254473940e+04
-1.127896945254473940e+04
-1.125456478961311768e+04
-1.125456478961311768e+04
-1.120695685327997671e+04
-1.120695685327997671e+04
-1.118959752042729269e+04
-1.118959752042728906e+04
-1.117373761477710286e+04
-1.117373761477709922e+04
-1.114571966378905381e+04
-1.114571966378905017e+04
-1.111882676802363494e+04
-1.111882676802363312e+04
-1.110673213996732920e+04
-1.110673213996732375e+04
-1.109055385283668329e+04
-1.109055385283667783e+04
-1.108984826386788154e+04
-1.108984826386787972e+04
-1.104385189642551632e+04
-1.104385189642551450e+04
-1.101064085579226958e+04
-1.100645149872176989e+04
-1.100645149872176626e+04
-1.099711040308356132e+04
-1.099711040308355587e+04
-1.097888462723968769e+04
-1.097888462723968587e+04
-1.095659847511219778e+04
-1.095659847511219414e+04
-1.089914287115845218e+04
-1.089914287115844854e+04
-1.089601924677972602e+04
-1.089601924677971874e+04
-1.088934290930967472e+04
-1.088934290930967290e+04
-1.087086995597149507e+04
-1.087086995597149325e+04
-1.083401364409874259e+04
-1.083401364409873713e+04
-1.082416799956032992e+04
-1.082416799956032446e+04
-1.080798921440671074e+04
-1.080798921440670711e+04
-1.079573860553416671e+04
-1.079573860553416671e+04
-1.075920073037450493e+04
-1.075920073037450311e+04
-1.075609312055398914e+04
-1.075609312055398914e+04
-1.067863001612207518e+04
-1.067863001612207154e+04
-1.067633534991453598e+04
-1.067633534991453234e+04
-1.067177715474925571e+04
-1.067177715474925026e+04
-1.065738643240520651e+04
-1.064489245542188655e+04
-1.064489245542188110e+04
-1.064350423956229497e+04
-1.064350423956229315e+04
-1.060748385984850574e+04
-1.060748385984850211e+04
-1.059680228315112618e+04
-1.059680228315112436e+04
-1.057605470866898031e+04
-1.057605470866897849e+04
-1.054538022736638595e+04
-1.054538022736638413e+04
-1.053183501396529937e+04
-1.053183501396529755e+04
-1.046826524372834683e+04
-1.046826524372834501e+04
-1.045894611925688696e+04
-1.045894611925688514e+04
-1.044896963350533042e+04
